[option]
; number of camera
number = 2
; directory of inputs
input = input
; directory to save
output = save

; Config file for DIBR for Plane image 
[camera1]
; name of image file
imagename = image/PoznanFencing_1920x1080_cam0_10bps.yuv.1frame.yuv
; name of depth file
depthname = depth_10/Poznan_Fencing2_cam0_depth_1920x1080_10bps_cf420.yuv.1frame.yuv
; intrinsic parameters
fx = 1714.563022
fy = 1711.587928
ox = 925.077402
oy = 530.254549
; extrinsic parameters
rotation = 53.15421450159158 28.6913597092801 -15.301356405461455
translation = 7.354157256090722 6.503232071609891 -0.2810615662648424
; min/max value of depth in meter
depthmin = 3.5
depthmax = 7.0
; image format information
width = 1920
height = 1080
; bit depth of image and depthmap
bitdepthimage = 10
bitdepthdepth = 10

; Config file for DIBR for Plane image 
[camera2]
; name of image file
imagename = image/PoznanFencing_1920x1080_cam1_10bps.yuv.1frame.yuv
; name of depth file
depthname = depth_10/Poznan_Fencing2_cam1_depth_1920x1080_10bps_cf420.yuv.1frame.yuv
; intrinsic parameters
fx = 1714.105022
fy = 1710.856285
ox = 946.669932
oy = 499.706815
; extrinsic parameters
rotation = 54.748098913638366 27.93512782047524 -15.350196805297195
translation = 7.5172747870688355 6.350535902444224 -0.2199456537263702
; min/max value of depth in meter
depthmin = 3.5
depthmax = 7.0
; image format information
width = 1920
height = 1080
; bit depth of image and depthmap
bitdepthimage = 10
bitdepthdepth = 10

[virtualview]
; min/max value of depth in meter
depthmin = 3.5
depthmax = 7.0
; extrinsic parameters
rotation = 53.15421450159158 28.6913597092801 -15.301356405461455
translation = 7.354157256090722 6.303232071609891 -0.2810615662648424

